src/music/level2Music.wav
Background,0.0,0.0,24232.0,990.0,109,158,235
Floor,0.0,798.0,24232.0,192.0,207,226,243
Player,-100.0,697.0,104.0,104.0,255,153,0
Spike,1164.0,702.0,96.0,96.0,255,0,0,0
Spike,1614.0,702.0,96.0,96.0,255,0,0,0
Spike,2064.0,702.0,96.0,96.0,255,0,0,0
Cube,2912.0,443.0,104.0,104.0,0,255,0
Spike,2916.0,547.0,96.0,96.0,255,0,0,180
Spike,3269.0,702.0,96.0,96.0,255,0,0,0
Spike,3365.0,702.0,96.0,96.0,255,0,0,0
Cube,3461.0,676.0,132.0,122.0,0,255,0
Spike,3593.0,702.0,96.0,96.0,255,0,0,0
Cube,3692.0,694.0,104.0,104.0,0,255,0
Spike,3696.0,599.0,96.0,96.0,255,0,0,0
Cube,4604.0,443.0,104.0,104.0,0,255,0
Spike,4608.0,547.0,96.0,96.0,255,0,0,180
Spike,4938.0,702.0,96.0,96.0,255,0,0,0
Spike,6143.0,702.0,96.0,96.0,255,0,0,0
Spike,6596.0,702.0,96.0,96.0,255,0,0,0
Spike,7048.0,702.0,96.0,96.0,255,0,0,0
Spike,7500.0,702.0,96.0,96.0,255,0,0,0
Spike,7952.0,702.0,96.0,96.0,255,0,0,0
Cube,8408.0,445.0,104.0,104.0,0,255,0
Spike,8412.0,547.0,96.0,96.0,255,0,0,180
Spike,8792.0,702.0,96.0,96.0,255,0,0,0
Cube,8888.0,695.0,156.0,104.0,0,255,0
Cube,8888.0,590.0,156.0,104.0,0,255,0
Spike,9044.0,702.0,96.0,96.0,255,0,0,0
Spike,9140.0,702.0,96.0,96.0,255,0,0,0
Cube,9136.0,524.0,104.0,104.0,0,255,0
Cube,9136.0,7.0,104.0,104.0,0,255,0
Spike,9140.0,111.0,96.0,96.0,255,0,0,180
Spike,9236.0,702.0,96.0,96.0,255,0,0,0
Spike,9332.0,702.0,96.0,96.0,255,0,0,0
Cube,10153.0,692.0,240.0,104.0,0,255,0
Cube,10152.0,586.0,240.0,104.0,0,255,0
Spike,10400.0,699.0,96.0,96.0,255,0,0,0
Spike,10498.0,699.0,96.0,96.0,255,0,0,0
Cube,10468.0,398.0,156.0,104.0,0,255,0
Spike,10498.0,502.0,96.0,96.0,255,0,0,180
Spike,10599.0,699.0,96.0,96.0,255,0,0,0
Spike,10698.0,699.0,96.0,96.0,255,0,0,0
Spike,10799.0,699.0,96.0,96.0,255,0,0,0
Cube,10783.0,477.0,156.0,104.0,0,255,0
Spike,10903.0,699.0,96.0,96.0,255,0,0,0
Spike,10813.0,581.0,96.0,96.0,255,0,0,180
Spike,11006.0,699.0,96.0,96.0,255,0,0,0
Cube,11098.0,522.0,156.0,104.0,0,255,0
Spike,11128.0,626.0,96.0,96.0,255,0,0,180
Cube,11297.0,695.0,206.0,104.0,0,255,0
Spike,12169.0,702.0,96.0,96.0,255,0,0,0
Spike,12621.0,702.0,96.0,96.0,255,0,0,0
Spike,13071.0,702.0,96.0,96.0,255,0,0,0
Spike,13525.0,702.0,96.0,96.0,255,0,0,0
Spike,14017.0,702.0,96.0,96.0,255,0,0,0
Cube,14125.0,691.0,190.0,104.0,0,255,0
Cube,14125.0,595.0,190.0,104.0,0,255,0
Spike,14318.0,702.0,96.0,96.0,255,0,0,0
Spike,14413.0,702.0,96.0,96.0,255,0,0,0
Cube,14510.0,691.0,164.0,104.0,0,255,0
Cube,14674.0,690.0,104.0,104.0,0,255,0
Spike,14680.0,595.0,96.0,96.0,255,0,0,0
Cube,15491.0,428.0,104.0,104.0,0,255,0
Cube,15590.0,428.0,104.0,104.0,0,255,0
Spike,15495.0,534.0,96.0,96.0,255,0,0,180
Spike,15594.0,534.0,96.0,96.0,255,0,0,180
Spike,15928.0,702.0,96.0,96.0,255,0,0,0
Spike,16020.0,702.0,96.0,96.0,255,0,0,0
Spike,16815.0,702.0,96.0,96.0,255,0,0,0
Spike,17313.0,702.0,96.0,96.0,255,0,0,0
Spike,17812.0,702.0,96.0,96.0,255,0,0,0
Spike,18310.0,702.0,96.0,96.0,255,0,0,0
Spike,18808.0,702.0,96.0,96.0,255,0,0,0
Cube,19228.0,694.0,104.0,104.0,0,255,0
Cube,19331.0,694.0,104.0,104.0,0,255,0
Cube,19435.0,694.0,104.0,104.0,0,255,0
Cube,19538.0,694.0,104.0,104.0,0,255,0
Cube,19642.0,694.0,104.0,104.0,0,255,0
Cube,19747.0,721.0,104.0,77.0,0,255,0
Cube,19823.0,396.0,104.0,104.0,0,255,0
Cube,19851.0,721.0,104.0,77.0,0,255,0
Cube,19955.0,721.0,104.0,77.0,0,255,0
Cube,20059.0,721.0,104.0,77.0,0,255,0
Cube,20163.0,721.0,104.0,77.0,0,255,0
Cube,20267.0,721.0,104.0,77.0,0,255,0
Spike,19827.0,500.0,96.0,96.0,255,0,0,180
Spike,20068.0,625.0,96.0,96.0,255,0,0,0
Spike,20164.0,625.0,96.0,96.0,255,0,0,0
Spike,20264.0,625.0,96.0,96.0,255,0,0,0
Cube,20367.0,644.0,139.0,154.0,0,255,0
Cube,20506.0,633.0,152.0,165.0,0,255,0
Cube,20659.0,615.0,372.0,183.0,0,255,0
Spike,21050.0,702.0,96.0,96.0,255,0,0,0
Spike,21150.0,702.0,96.0,96.0,255,0,0,0
Cube,21242.0,472.0,104.0,326.0,0,255,0
Spike,21346.0,702.0,96.0,96.0,255,0,0,0
Cube,21442.0,405.0,96.0,393.0,0,255,0
Spike,21542.0,702.0,96.0,96.0,255,0,0,0
Spike,21642.0,702.0,96.0,96.0,255,0,0,0
Spike,21742.0,702.0,96.0,96.0,255,0,0,0
Spike,21844.0,702.0,96.0,96.0,255,0,0,0
Spike,21949.0,702.0,96.0,96.0,255,0,0,0
Spike,22055.0,702.0,96.0,96.0,255,0,0,0
Spike,22161.0,702.0,96.0,96.0,255,0,0,0
Cube,21599.0,417.0,96.0,96.0,0,255,0
Cube,21799.0,465.0,96.0,96.0,0,255,0
Cube,21999.0,513.0,96.0,96.0,0,255,0
Cube,22199.0,561.0,96.0,96.0,0,255,0
Cube,22399.0,609.0,96.0,96.0,0,255,0