src/music/level3Music.wav
Background,0.0,0.0,41600.0,990.0,0,255,255
Floor,-0.0,802.8,11744.0,185.0,205,226,243
Player,-200.0,694.1,103.7,103.7,255,153,0
Spike,812.1,706.8,109.7,93.7,255,0,0,0
Spike,921.8,706.8,109.7,93.7,255,0,0,0
Spike,1031.5,706.8,109.7,93.7,255,0,0,0
Cube,1379.7,592.1,416.4,210.0,0,255,0
Spike,1796.0,706.8,109.7,93.7,255,0,0,0
Spike,1905.7,706.8,109.7,93.7,255,0,0,0
Cube,2015.4,654.8,288.0,147.2,0,255,0
Spike,2303.4,706.8,109.7,93.7,255,0,0,0
Spike,2413.1,706.8,109.7,93.7,255,0,0,0
Cube,2522.8,566.8,454.0,233.7,0,255,0
Spike,3137.1,92.6,109.7,93.7,255,0,0,270
Spike,3137.1,202.3,109.7,93.7,255,0,0,270
Spike,3137.1,302.0,109.7,93.7,255,0,0,270
Cube,3230.8,0.0,303.6,424.8,0,255,0
Cube,3853.9,640.5,971.9,160.0,0,255,0
Spike,3871.1,316.0,109.7,93.7,255,0,0,270
Cube,3964.8,0.0,303.6,424.8,0,255,0
Spike,4272.4,157.6,109.7,93.7,255,0,0,90
Cube,4630.5,396.8,194.0,246.0,0,255,0
Spike,4825.8,706.8,109.7,93.7,255,0,0,0
Spike,4935.5,706.8,109.7,93.7,255,0,0,0
Spike,5045.2,706.8,109.7,93.7,255,0,0,0
Cube,5400.1,664.6,212.0,38.0,0,255,0
Cube,5764.1,528.8,212.0,38.0,0,255,0
Cube,6080.1,382.0,212.0,38.0,0,255,0
Portal,6407.6,74.9,97.6,275.1,255,0,255,Wave
Spike,6546.6,387.5,109.7,93.7,255,0,0,0
Spike,6611.2,2.8,109.7,93.7,255,0,0,180
Spike,6668.2,500.9,109.7,93.7,255,0,0,0
Spike,6741.4,122.1,109.7,93.7,255,0,0,180
Spike,6778.8,592.1,109.7,93.7,255,0,0,0
Spike,6867.0,237.9,109.7,93.7,255,0,0,180
Spike,6908.9,706.8,109.7,93.7,255,0,0,0
Spike,6980.5,337.9,109.7,93.7,255,0,0,180
Spike,7115.2,235.1,109.7,93.7,255,0,0,180
Spike,7154.5,706.8,109.7,93.7,255,0,0,0
Spike,7240.6,122.1,109.7,93.7,255,0,0,180
Spike,7287.4,619.7,109.7,93.7,255,0,0,0
Spike,7361.3,15.4,109.7,93.7,255,0,0,180
Spike,7425.3,511.5,109.7,93.7,255,0,0,0
Spike,7553.7,412.7,109.7,93.7,255,0,0,0
Spike,7608.6,2.8,109.7,93.7,255,0,0,180
Spike,7709.1,491.3,109.7,93.7,255,0,0,0
Spike,7765.2,26.0,109.7,93.7,255,0,0,180
Spike,7875.1,576.3,109.7,93.7,255,0,0,0
Spike,7934.4,109.1,109.7,93.7,255,0,0,180
Cube,7994.7,615.4,1422.5,188.5,0,255,0
Cube,8051.7,0.0,1433.6,233.7,0,255,0
Spike,9427.8,635.4,109.7,93.7,255,0,0,0
Spike,9545.3,189.3,109.7,93.7,255,0,0,180
Spike,9563.4,700.4,109.7,93.7,255,0,0,0
Spike,9721.6,706.8,109.7,93.7,255,0,0,0
Spike,9736.8,302.6,109.7,93.7,255,0,0,180
Spike,9881.6,375.8,109.7,93.7,255,0,0,180
Spike,9920.2,706.8,109.7,93.7,255,0,0,0
Spike,10024.1,255.1,109.7,93.7,255,0,0,180
Spike,10065.3,592.1,109.7,93.7,255,0,0,0
Spike,10175.7,122.1,109.7,93.7,255,0,0,180
Spike,10218.4,461.8,109.7,93.7,255,0,0,0
Spike,10335.6,-1.2,109.7,93.7,255,0,0,180
Spike,10380.7,329.9,109.7,93.7,255,0,0,0
Spike,10505.8,460.5,109.7,93.7,255,0,0,0
Spike,10545.2,-1.2,109.7,93.7,255,0,0,180
Spike,10645.7,592.0,109.7,93.7,255,0,0,0
Spike,10669.1,128.4,109.7,93.7,255,0,0,180
Cube,10800.0,0.0,1081.6,120.7,0,255,0
Spike,10769.6,235.1,109.7,93.7,255,0,0,180
Spike,10782.2,708.4,109.7,93.7,255,0,0,0
Spike,10910.2,387.5,109.7,93.7,255,0,0,180
Spike,10990.7,660.8,109.7,93.7,255,0,0,0
Spike,11034.5,267.3,109.7,93.7,255,0,0,180
Spike,11138.7,532.5,109.7,93.7,255,0,0,0
Spike,11184.8,122.1,109.7,93.7,255,0,0,180
Spike,11284.5,677.9,109.7,93.7,255,0,0,0
Spike,11304.4,235.1,109.7,93.7,255,0,0,180
Spike,11454.4,387.5,109.7,93.7,255,0,0,180
Spike,11489.4,708.8,109.7,93.7,255,0,0,0
Spike,11593.1,619.7,109.7,93.7,255,0,0,0
Spike,11608.0,242.4,109.7,93.7,255,0,0,180
Spike,11679.4,532.5,109.7,93.7,255,0,0,0
Spike,11726.8,122.1,109.7,93.7,255,0,0,180
Cube,12147.7,599.7,116.7,394.0,0,255,0
Cube,12151.8,0.0,116.7,394.0,0,255,0
Cube,12660.2,0.0,116.7,233.7,0,255,0
Cube,12664.6,438.9,116.7,551.6,0,255,0
Cube,13117.1,0.0,116.7,558.3,0,255,0
Cube,13117.1,755.3,116.7,233.7,0,255,0
Cube,13547.0,0.0,877.6,337.9,0,255,0
Cube,13547.0,689.0,877.6,300.0,0,255,0
Spike,13547.0,595.3,109.7,93.7,255,0,0,0
Spike,13547.0,337.9,109.7,93.7,255,0,0,180
Spike,13656.7,595.3,109.7,93.7,255,0,0,0
Spike,13656.7,337.9,109.7,93.7,255,0,0,180
Spike,13766.4,595.3,109.7,93.7,255,0,0,0
Spike,13766.4,337.9,109.7,93.7,255,0,0,180
Spike,13876.1,595.3,109.7,93.7,255,0,0,0
Spike,13876.1,337.9,109.7,93.7,255,0,0,180
Spike,13985.8,595.3,109.7,93.7,255,0,0,0
Spike,13985.8,337.9,109.7,93.7,255,0,0,180
Spike,14095.5,595.3,109.7,93.7,255,0,0,0
Spike,14095.5,337.9,109.7,93.7,255,0,0,180
Spike,14205.2,595.3,109.7,93.7,255,0,0,0
Spike,14205.2,337.9,109.7,93.7,255,0,0,180
Spike,14314.9,595.3,109.7,93.7,255,0,0,0
Spike,14314.9,337.9,109.7,93.7,255,0,0,180
Cube,14716.5,842.0,141.1,147.2,0,255,0
Cube,14726.2,0.0,131.5,475.7,0,255,0
Cube,15259.6,41.2,151.9,160.0,0,255,0
Cube,15259.6,415.0,151.9,160.0,0,255,0
Cube,15259.6,829.2,151.9,160.0,0,255,0
Spike,15650.1,896.3,109.7,93.7,255,0,0,0
Cube,15684.1,603.6,151.9,160.0,0,255,0
Cube,15687.1,242.4,151.9,160.0,0,255,0
Spike,15759.8,896.3,109.7,93.7,255,0,0,0
Cube,16246.6,0.0,1158.6,300.0,0,255,0
Cube,16246.6,689.0,1158.6,300.0,0,255,0
Portal,17274.7,356.9,97.6,275.1,255,0,255,Ship
Cube,17712.1,626.2,224.9,363.8,0,255,0
Spike,17712.1,532.5,109.7,93.7,255,0,0,0
Cube,17729.5,0.0,212.0,202.6,0,255,0
Spike,17729.7,201.2,109.7,93.7,255,0,0,180
Spike,17825.3,532.5,109.7,93.7,255,0,0,0
Spike,17831.8,201.2,109.7,93.7,255,0,0,180
Cube,18321.4,0.0,212.0,337.9,0,255,0
Cube,18321.5,770.8,212.0,222.9,0,255,0
Spike,18321.5,677.9,109.7,93.7,255,0,0,0
Spike,18327.3,337.9,109.7,93.7,255,0,0,180
Spike,18422.5,337.9,109.7,93.7,255,0,0,180
Spike,18423.8,677.9,109.7,93.7,255,0,0,0
Cube,18906.9,-3.7,224.9,210.0,0,255,0
Cube,18913.5,626.2,216.5,363.8,0,255,0
Spike,18913.7,532.5,109.7,93.7,255,0,0,0
Spike,18916.1,205.4,109.7,93.7,255,0,0,180
Spike,19019.4,532.5,109.7,93.7,255,0,0,0
Spike,19022.9,205.4,109.7,93.7,255,0,0,180
Cube,19484.0,714.9,224.9,275.1,0,255,0
Spike,19488.5,619.7,109.7,93.7,255,0,0,0
Cube,19490.4,0.7,224.9,300.0,0,255,0
Spike,19499.2,300.6,109.7,93.7,255,0,0,180
Spike,19598.2,619.7,109.7,93.7,255,0,0,0
Spike,19606.4,300.6,109.7,93.7,255,0,0,180
Cube,19945.6,755.9,5915.4,233.7,207,226,243
Spike,19947.7,660.8,109.7,93.7,255,0,0,0
Cube,19951.3,0.0,4233.3,309.7,207,226,243
Spike,19951.6,308.6,109.7,93.7,255,0,0,180
Spike,20056.4,660.8,109.7,93.7,255,0,0,0
Spike,20061.4,308.6,109.7,93.7,255,0,0,180
Spike,20165.3,308.6,109.7,93.7,255,0,0,180
Spike,20166.1,660.8,109.7,93.7,255,0,0,0
Spike,20275.0,308.6,109.7,93.7,255,0,0,180
Spike,20275.8,660.8,109.7,93.7,255,0,0,0
Spike,20384.7,308.6,109.7,93.7,255,0,0,180
Spike,20386.5,660.8,109.7,93.7,255,0,0,0
Spike,20493.4,308.6,109.7,93.7,255,0,0,180
Spike,20497.2,660.8,109.7,93.7,255,0,0,0
Spike,20604.1,308.6,109.7,93.7,255,0,0,180
Spike,20605.9,660.8,109.7,93.7,255,0,0,0
Spike,20714.7,308.6,109.7,93.7,255,0,0,180
Spike,20715.6,660.8,109.7,93.7,255,0,0,0
Spike,20825.3,660.8,109.7,93.7,255,0,0,0
Spike,20825.4,308.6,109.7,93.7,255,0,0,180
Spike,20934.0,660.8,109.7,93.7,255,0,0,0
Spike,20934.1,308.6,109.7,93.7,255,0,0,180
Spike,21043.8,308.6,109.7,93.7,255,0,0,180
Spike,21053.9,660.8,109.7,93.7,255,0,0,0
Spike,21153.5,308.6,109.7,93.7,255,0,0,180
Spike,21164.6,660.8,109.7,93.7,255,0,0,0
Spike,21262.3,308.6,109.7,93.7,255,0,0,180
Spike,21275.2,660.8,109.7,93.7,255,0,0,0
Spike,21373.0,308.6,109.7,93.7,255,0,0,180
Spike,21384.0,660.8,109.7,93.7,255,0,0,0
Spike,21483.6,308.6,109.7,93.7,255,0,0,180
Spike,21493.7,660.8,109.7,93.7,255,0,0,0
Spike,21603.4,660.8,109.7,93.7,255,0,0,0
Spike,21603.5,308.6,109.7,93.7,255,0,0,180
Spike,21712.1,660.8,109.7,93.7,255,0,0,0
Spike,21712.2,308.6,109.7,93.7,255,0,0,180
Spike,21821.9,308.6,109.7,93.7,255,0,0,180
Spike,21822.8,660.8,109.7,93.7,255,0,0,0
Spike,21931.6,308.6,109.7,93.7,255,0,0,180
Spike,21933.5,660.8,109.7,93.7,255,0,0,0
Spike,22040.4,308.6,109.7,93.7,255,0,0,180
Spike,22044.1,660.8,109.7,93.7,255,0,0,0
Spike,22151.0,308.6,109.7,93.7,255,0,0,180
Spike,22152.9,660.8,109.7,93.7,255,0,0,0
Spike,22261.7,308.6,109.7,93.7,255,0,0,180
Spike,22693.1,308.2,109.7,93.7,255,0,0,180
Spike,22876.6,660.8,109.7,93.7,255,0,0,0
Cube,23724.0,576.3,445.2,62.1,207,226,243
Spike,23662.0,660.8,109.7,93.7,255,0,0,0
Spike,23891.5,308.2,109.7,93.7,255,0,0,180
Spike,24364.5,660.8,109.7,93.7,255,0,0,0
Cube,24428.1,460.5,721.9,93.7,207,226,243
Cube,24944.2,-0.9,1540.5,300.0,207,226,243
Spike,25303.8,662.8,109.7,93.7,255,0,0,0
Spike,25470.7,297.8,109.7,93.7,255,0,0,180
Cube,25861.1,801.5,15738.9,188.5,207,226,243
Cube,25908.2,584.9,425.0,74.7,207,226,243
Spike,26158.8,298.8,109.7,93.7,255,0,0,180
Portal,26510.7,371.1,97.6,275.1,255,0,255,Cube
Spike,26878.7,706.8,109.7,93.7,255,0,0,0
Spike,26987.4,706.8,109.7,93.7,255,0,0,0
Spike,27524.6,706.8,109.7,93.7,255,0,0,0
Spike,27806.4,322.9,109.7,93.7,255,0,0,270
Spike,27806.4,432.6,109.7,93.7,255,0,0,270
Cube,27899.4,322.9,141.1,222.9,0,255,0
Spike,28235.6,708.8,109.7,93.7,255,0,0,0
Spike,28896.3,708.8,109.7,93.7,255,0,0,0
Cube,29004.2,601.5,151.9,202.6,0,255,0
Cube,29010.0,2.8,151.9,380.5,0,255,0
Spike,29443.5,708.8,109.7,93.7,255,0,0,0
Cube,29548.2,-4.7,151.9,380.5,0,255,0
Cube,29552.0,600.0,151.9,202.6,0,255,0
Cube,30107.8,700.4,131.5,56.0,0,255,0
Cube,30360.1,579.4,116.7,56.0,0,255,0
Cube,30610.2,463.9,131.5,56.0,0,255,0
Cube,30908.4,356.7,131.5,56.0,0,255,0
Cube,31095.6,463.9,241.7,56.0,0,255,0
Spike,31672.4,146.2,109.7,93.7,255,0,0,180
Spike,31345.8,706.8,109.7,93.7,255,0,0,0
Spike,31450.3,706.8,109.7,93.7,255,0,0,0
Spike,31560.0,706.8,109.7,93.7,255,0,0,0
Cube,31588.6,441.6,383.1,56.0,0,255,0
Cube,31672.4,-7.1,109.7,160.0,0,255,0
Spike,31850.1,347.9,109.7,93.7,255,0,0,0
Spike,31888.1,706.8,109.7,93.7,255,0,0,0
Spike,31996.7,706.8,109.7,93.7,255,0,0,0
Spike,32550.7,706.8,109.7,93.7,255,0,0,0
Spike,32660.4,706.8,109.7,93.7,255,0,0,0
Spike,32762.8,706.8,109.7,93.7,255,0,0,0
Spike,32872.5,706.8,109.7,93.7,255,0,0,0
Spike,33177.3,490.0,109.7,93.7,255,0,0,180
Cube,33173.8,2.8,116.7,487.2,0,255,0
Spike,33555.5,706.8,109.7,93.7,255,0,0,0
Cube,33907.8,-8.5,116.7,487.2,0,255,0
Spike,33911.3,478.7,109.7,93.7,255,0,0,180
Spike,34294.7,706.8,109.7,93.7,255,0,0,0
Spike,34399.2,706.8,109.7,93.7,255,0,0,0
Spike,34515.5,706.8,109.7,93.7,255,0,0,0
Cube,34905.9,585.8,346.6,56.0,0,255,0
Spike,34905.9,491.3,109.7,93.7,255,0,0,0
Spike,35015.6,491.3,109.7,93.7,255,0,0,0
Spike,35131.2,491.3,109.7,93.7,255,0,0,0
Spike,35484.3,706.8,109.7,93.7,255,0,0,0
Spike,35594.0,706.8,109.7,93.7,255,0,0,0
Spike,35689.9,706.8,109.7,93.7,255,0,0,0
Cube,35800.4,725.8,272.5,74.7,0,255,0
Cube,36160.0,619.7,272.5,93.7,0,255,0
Cube,36525.6,-2.5,327.4,242.4,0,255,0
Cube,36525.6,519.7,272.5,93.7,0,255,0
Spike,36527.4,237.9,109.7,93.7,255,0,0,180
Spike,36634.7,237.9,109.7,93.7,255,0,0,180
Spike,36743.3,237.9,109.7,93.7,255,0,0,180
Portal,36843.3,320.1,97.6,275.1,255,0,255,Ship
Cube,39460.0,-4.1,338.1,246.0,0,255,0
Spike,39460.0,516.9,109.7,93.7,255,0,0,0
Cube,39460.0,610.6,338.1,188.5,0,255,0
Spike,39460.0,241.9,109.7,93.7,255,0,0,180
Spike,39569.7,516.9,109.7,93.7,255,0,0,0
Spike,39569.7,241.9,109.7,93.7,255,0,0,180
Spike,39679.4,516.9,109.7,93.7,255,0,0,0
Spike,39679.4,241.9,109.7,93.7,255,0,0,180