src/music/level1Music.wav
Background,0.0,0.0,40020.0,990.0,7,75,198
Floor,-0.2,797.8,40000.3,192.0,17,62,139
Player,-200.0,695.0,104.0,104.0,255,255,0
Spike,1152.0,702.0,96.0,96.0,168,1,1,0
Spike,1616.0,702.0,96.0,96.0,168,1,1,0
Spike,1734.0,702.0,96.0,96.0,168,1,1,0
Cube,2470.0,704.0,1004.0,92.0,156,0,156
Spike,3500.0,702.0,96.0,96.0,168,1,1,0
Spike,3622.0,702.0,96.0,96.0,168,1,1,0
Spike,3744.0,702.0,96.0,96.0,168,1,1,0
Cube,3866.0,706.0,1004.0,92.0,156,0,156
Cube,5611.4,694.1,266.6,104.0,156,0,156
Cube,5872.0,590.4,480.0,207.0,156,0,156
Cube,6342.4,485.8,1983.2,312.0,156,0,156
Spike,6896.0,389.8,96.0,96.0,168,1,1,0
Spike,7004.0,389.8,96.0,96.0,168,1,1,0
Spike,7112.0,389.8,96.0,96.0,168,1,1,0
Spike,7220.0,389.8,96.0,96.0,168,1,1,0
Cube,7021.0,315.0,170.0,32.0,156,0,156
Cube,8475.7,326.0,143.0,32.0,156,0,156
Cube,8842.0,414.0,401.0,32.0,156,0,156
Spike,9147.0,317.8,96.0,96.0,168,1,1,0
Cube,9493.0,518.0,401.0,32.0,156,0,156
Spike,9798.0,422.0,96.0,96.0,168,1,1,0
Cube,10059.0,670.0,401.0,32.0,156,0,156
Cube,10616.3,566.0,143.0,32.0,156,0,156
Cube,10933.1,434.0,143.0,32.0,156,0,156
Cube,11374.0,276.0,143.0,32.0,156,0,156
Spike,11397.5,180.0,96.0,96.0,168,1,1,0
Cube,11253.7,523.2,1537.5,275.0,156,0,156
Cube,12791.2,646.1,310.8,152.0,156,0,156
Spike,13119.0,702.0,96.0,96.0,168,1,1,0
Spike,13220.0,702.0,96.0,96.0,168,1,1,0
Spike,13321.0,702.0,96.0,96.0,168,1,1,0
Spike,13422.0,702.0,96.0,96.0,168,1,1,0
Cube,14212.0,679.0,124.0,119.0,156,0,156
Cube,14545.0,486.7,124.0,311.1,156,0,156
Cube,14878.0,390.7,124.0,407.1,156,0,156
Cube,14992.0,390.7,192.0,31.7,156,0,156
Cube,15348.6,454.2,192.0,31.7,156,0,156
Cube,15769.1,550.0,288.0,31.7,156,0,156
Cube,16334.0,670.2,234.0,31.7,156,0,156
Spike,15961.1,454.2,96.0,96.0,168,1,1,0
Spike,17378.5,704.0,96.0,96.0,168,1,1,0
Spike,17487.0,704.0,96.0,96.0,168,1,1,0
Cube,18081.0,530.0,124.0,104.0,156,0,156
Spike,18095.0,434.0,96.0,96.0,168,1,1,0
Spike,18734.5,704.0,96.0,96.0,168,1,1,0
Spike,18830.5,704.0,96.0,96.0,168,1,1,0
Cube,19598.6,712.9,596.4,84.9,156,0,156
Spike,19873.7,617.3,96.0,96.0,168,1,1,0
Cube,20353.6,551.5,422.0,31.7,156,0,156
Cube,21059.2,340.2,192.0,31.7,156,0,156
Cube,21427.0,447.5,401.0,32.0,156,0,156
Cube,22075.0,276.2,170.0,31.7,156,0,156
Spike,20700.0,702.0,96.0,96.0,168,1,1,0
Spike,22112.0,180.0,96.0,96.0,168,1,1,0
Spike,22918.0,702.0,96.0,96.0,168,1,1,0
Spike,23020.0,702.0,96.0,96.0,168,1,1,0
Cube,23711.0,659.5,480.0,137.8,156,0,156
Cube,24188.0,550.1,1836.0,247.7,156,0,156
Spike,24086.0,563.5,96.0,96.0,168,1,1,0
Cube,24959.8,390.4,294.0,32.0,156,0,156
Spike,24840.5,453.9,96.0,96.0,168,1,1,0
Spike,24950.0,453.9,96.0,96.0,168,1,1,0
Spike,25058.8,453.9,96.0,96.0,168,1,1,0
Spike,25167.1,453.9,96.0,96.0,168,1,1,0
Spike,25275.5,453.9,96.0,96.0,168,1,1,0
Cube,26019.0,646.1,1340.0,152.0,156,0,156
Cube,26294.0,479.0,790.0,32.0,156,0,156
Spike,26380.6,383.0,96.0,96.0,168,1,1,0
Spike,26510.8,383.0,96.0,96.0,168,1,1,0
Spike,26641.0,383.0,96.0,96.0,168,1,1,0
Spike,26771.2,383.0,96.0,96.0,168,1,1,0
Spike,26901.4,383.0,96.0,96.0,168,1,1,0
Cube,27341.1,550.1,1836.0,247.7,156,0,156
Spike,27911.5,454.1,96.0,96.0,168,1,1,0
Spike,28021.0,454.1,96.0,96.0,168,1,1,0
Spike,28129.8,454.1,96.0,96.0,168,1,1,0
Spike,28238.2,454.1,96.0,96.0,168,1,1,0
Spike,28346.5,454.1,96.0,96.0,168,1,1,0
Cube,28030.8,390.6,294.0,32.0,156,0,156
Cube,29378.1,465.2,250.0,31.7,156,0,156
Cube,29809.9,376.2,250.0,31.7,156,0,156
Cube,30234.5,275.7,250.0,31.7,156,0,156
Cube,30589.0,334.6,144.0,144.0,156,0,156
Cube,30589.0,16.0,144.0,144.0,156,0,156
Cube,30838.8,76.7,144.0,144.0,156,0,156
Cube,30838.8,419.3,144.0,144.0,156,0,156
Cube,31088.5,126.3,144.0,144.0,156,0,156
Cube,31088.5,483.8,144.0,144.0,156,0,156
Cube,31338.3,176.7,144.0,144.0,156,0,156
Cube,31338.3,559.3,144.0,144.0,156,0,156
Spike,31967.2,703.0,96.0,96.0,168,1,1,0
Spike,32078.2,701.0,96.0,96.0,168,1,1,0
Spike,32676.0,702.0,96.0,96.0,168,1,1,0
Cube,33205.0,259.3,1370.0,119.0,156,0,156
Cube,33205.0,678.0,1370.0,119.0,156,0,156
Spike,33475.5,379.0,96.0,96.0,168,1,1,180
Spike,33750.5,379.0,96.0,96.0,168,1,1,180
Spike,34025.5,379.0,96.0,96.0,168,1,1,180
Spike,34300.5,379.0,96.0,96.0,168,1,1,180
Cube,35795.0,453.8,96.0,224.0,156,0,156
Spike,35699.0,473.8,96.0,96.0,168,1,1,270
Spike,35699.0,569.8,96.0,96.0,168,1,1,270
Spike,35432.0,701.8,96.0,96.0,168,1,1,0
Spike,36111.0,699.0,96.0,96.0,168,1,1,0
Cube,37110.0,678.7,143.0,119.0,156,0,156
Cube,37403.5,582.7,143.0,215.1,156,0,156
Cube,37697.0,486.7,143.0,311.1,156,0,156
Cube,38123.5,166.0,96.0,224.0,156,0,156
Spike,38027.5,186.0,96.0,96.0,168,1,1,270
Spike,38027.5,282,96.0,96.0,168,1,1,270